4.3291536841110965
4.471320908260318
4.46553510196574
4.30552979905025
4.1347610089373905
4.110870745900022
4.25684047219424
4.4453845603378355
4.53259704571443
4.502197164547573
4.46729199577709
4.530229311208827
4.661502019273147
4.739968330062661
4.708837323564223
4.659916810197406
4.737934037925866
4.972238284566689
5.2357829334083235
5.381350290137444
5.391090765957166
5.362957043523347
5.364745534493169
5.3518458415877355
5.25492148114259
5.112207004213737
5.052163661336261
5.127196685831401
5.211250668580524
5.116775842792189
4.812367681667627
4.476169966763974
4.304090393175378
4.292334769093041
4.254906700171665
4.055949082078736
3.776143868960487
3.615541618738038
3.6587596782712852
3.7895567838229542
3.845337196318577
3.80401958433895
3.77215827713348
3.811675420362458
3.8479911747877713
3.7814567370039462
3.644045268934401
3.5778845909925123
3.6498926350558856
3.7440950572875913
3.685565525468575
3.4533269240258413
3.2172865511700968
3.1494412205084945
3.240285145687233
3.33972027375864
3.3552869193244352
3.3480734732997606
3.411525676779063
3.506815768685369
3.484568990498396
3.275705103163701
3.006454309617693
2.880259822031076
2.960904115866317
3.1154545896324497
3.1787242448363204
3.136233954674436
3.1179313924111836
3.2379179703800958
3.4881850615821093
3.7926420015464206
4.110908217772673
4.4406362069787075
4.737304306643285
4.900040873271123
4.8763437708434285
4.751957078315979
4.682646343335579
4.723864734773297
4.763794245008516
4.655717731863616
4.401539823908938
4.166972192614384
4.106485178262812
4.200989090620332
4.289296434309602
4.241660202767163
4.070390197786626
3.8730224270801967
3.7103370863635337
3.573625227174147
3.4519918504334894
3.3793118270381464
3.389414048863226
3.4515383571665814
3.4910373597654543
3.4801920751695126
3.4801956159717045
3.572283990580965
3.7587710700946957
3.9543321486830503
4.074632297531869
4.113224238155653
4.123844020434969
4.147628965758395
4.180270611483793
4.203534988646966
4.21929207753063
4.237644589642532
4.24908227211788
4.232904570016837
4.192598229169763
4.162913325390174
4.175943132900045
4.238725269710516
4.356515283692914
4.5546961653107605
4.838490716940875
5.127705143497719
5.280036153060365
5.23108708089378
5.10657777658503
5.135916389023682
5.404397089010842
5.70401712184043
5.688008433471432
5.213619915267022
4.522082804507972
4.0466105810508
4.027706434403384
4.3220129081481815
4.583056845644942
4.603916491057465
4.470898278829046
4.413675740237605
4.557639524448794
4.838182956736542
5.113380915857119
5.303792462361368
5.415194800616254
5.473012282742257
5.482201216577405
5.449522736605073
5.406991680708188
5.38940738328923
5.400313852556474
5.4190291867537805
5.435982532279468
5.461038844580463
5.495601749388911
5.520880039601698
5.53218376879978
5.570578717292005
5.689866563469501
5.883466373878422
6.066549669121814
6.153137310251537
6.145121648398163
6.1237914029925395
6.150758261052568
6.198745001734814
6.193290821401517
6.103573569223856
5.963380704572234
5.806863142214417
5.623778457951482
5.406183983189428
5.215347516014757
5.14882899833915
5.2187023856201495
5.295135231425226
5.217207473603008
4.966206015035012
4.696614818525476
4.573587561871714
4.598215838050738
4.623288155654036
4.537096349338915
4.395540314992635
4.354634603372828
4.4999031290948075
4.778380962930977
5.088952811024932
5.387320375261757
5.671672429016463
5.902114874714961
6.002740271486488
5.965421543968144
5.904020431547553
5.948332739903531
6.083948736594435
6.145976890914021
6.001868130466114
5.715660779145653
5.490787453400617
5.453273635118062
5.5338884114853055
5.583376667556385
5.563288536021342
5.567468682333704
5.657158963973817
5.739715078830796
5.664642618059356
5.422056704540579
5.183759117242547
5.1196434260593
5.208729488492398
5.275881546399546
5.204634416705513
5.061311300422156
4.987658239012971
5.01564482706547
5.045821815954453
5.003659018216986
4.950848497458235
4.99373255424727
5.11047996779455
5.139280884525228
4.96474809902819
4.671842900819353
4.4603683426084455
4.410691556124394
4.387156272422929
4.20450157725592
3.8596383091196422
3.548592151135394
3.4490327036021045
3.5289603408606283
3.6005175392920403
3.537611032654471
3.3926012746900116
3.293754462590983
3.279058528519731
3.2789751008843186
3.248639046404781
3.2554068156082936
3.3967254333857406
3.65451787547513
3.8817983383957113
3.9519453549433425
3.8944358045633773
3.853646520517462
3.920927138044404
4.039479815735326
4.088765378646884
4.040072335729647
3.996173010275564
4.070079566684736
4.245277798433337
4.37798440930796
4.341514602661052
4.159594364686292
3.9903061389418752
3.977080226107481
4.113380505717183
4.250531756916485
4.240030402937235
4.075653665122655
3.90085890034241
3.873209143321767
4.015554670271354
4.200504530610235
4.284130562121023
4.2501881200274365
4.211789742102701
4.271195886126245
4.398756010291198
4.473232549321991
4.437848549247904
4.384488641928891
4.457917079868669
4.687437072238929
4.945934137661263
5.086191568371878
5.090446315955254
5.056756499051801
5.052980617877734
5.03453889499823
4.932146398615611
4.784118567631024
4.718974234366952
4.789115614733274
4.868467225819115
4.769522856846038
4.460993954047374
4.121115302044091
3.945756005750602
3.9309659941809247
3.8906037754725395
3.6887873929347426
3.4062684502689953
3.243134476444525
3.283920730865494
3.4122267401158344
3.4653325628697065
3.421126085372383
3.386183171232651
3.4224288310271174
3.455253861072638
3.384995469116252
3.243669456691398
3.173490818457331
3.2414662303485344
3.331686801863921
3.269274068125602
3.033292496683141
2.793685861441521
2.7224856489914275
2.8102325257897984
2.9068893304776515
2.920041241072243
2.9107624415128255
2.972421454409525
3.0661039704673136
3.042402106805598
2.832261835806499
2.5619428301501848
2.4348667705837506
2.5147490224569675
2.6685957863335346
2.7312008545550044
2.688096790396149
2.6692440474718793
2.7887484625973267
3.0386035962590787
3.342708724552661
3.660636089098996
3.9899580187161563
4.286095355461304
4.448199540653963
4.423857210119516
4.29887657254117
4.228989760627152
4.2695536239126115
4.30870928336347
4.199832811389458
3.945006279039502
3.7100719879958177
3.649504456342518
3.7441360370103594
3.8327263328026246
3.7855519013181635
3.61497250528656
3.4185138843690135
3.2568545947003686
3.121139035908381
3.000349756936205
2.928294783205828
2.938774986821432
3.0010067071762148
3.0403023556802857
3.0288887905194057
3.027915034075742
3.1186165982754046
3.3033699005890096
