4.766457928963905
4.823135174401319
4.905607208636875
4.977915373344743
4.966722585899015
4.845935821168537
4.680953861613929
4.579412093446654
4.604221048320257
4.738579426836885
4.92162890871133
5.099275945311323
5.244436991807509
5.3570200343198895
5.466013197428391
5.618832877364051
5.836599684091581
6.0689412388059045
6.216357785231002
6.22410916957649
6.150231972285636
6.114321640277128
6.1683424066151495
6.238241878476058
6.214044501300625
6.084630962624432
5.948678122024856
5.8830391522910315
5.8360211977566205
5.691984390171596
5.435634252491656
5.202207256416809
5.129037902734634
5.17819039452959
5.156576181516234
4.929580767524995
4.581344004609983
4.326307383289232
4.271524762902193
4.309486957692307
4.263297470081368
4.102561547931216
3.970883006051563
4.003345833714603
4.165004079675084
4.300560148619796
4.31622670008882
4.2616455840763035
4.225393848245121
4.200952877259096
4.106492870254073
3.9275187717162523
3.7827663650621455
3.8100871794116147
4.002933112659071
4.197685596972397
4.231264271620822
4.088645660667543
3.8856060458260746
3.7344586996480054
3.6589593616471365
3.6288691782687845
3.626150018579299
3.644059392672867
3.6472254313935943
3.587955480551086
3.4825303703154393
3.438023523642567
3.5619451676946117
3.844020346250799
4.157715245483459
4.3922009240018145
4.559615720831509
4.7476148974779075
4.9815697825581795
5.176799706803484
5.244423909085429
5.2115239359991765
5.192060738128378
5.237576233171236
5.2604464365613195
5.140305056099519
4.891422343254878
4.679123133734685
4.647909457539498
4.753928131368095
4.798241700268894
4.628601614005502
4.289044158714801
3.9646939110458215
3.799506628951603
3.7850905349134925
3.811354814432128
3.7888270649039244
3.708585931508704
3.6134778002079426
3.5520414386565924
3.5651819114549745
3.681590489516565
3.8910645764991116
4.124745471180416
4.29152440272175
4.353890966831491
4.361555320876564
4.396664750435287
4.48711553651187
4.584747302890168
4.62837976356013
4.6126236245312935
4.5841710299360905
4.580787461254472
4.593320363892634
4.592037493877442
4.575808493156135
4.582459519448383
4.654659117705684
4.80526826097257
5.011743914881361
5.228756178223634
5.404024183284112
5.505071649344129
5.556138794502911
5.6429128078682815
5.842318434435754
6.114671314935597
6.274003621337302
6.109687836284795
5.5785823303038855
4.885066885348628
4.351233757799062
4.181717419269735
4.333798153722634
4.597302031646215
4.786635082319059
4.86239119227288
4.901769378971592
4.99084569759156
5.154383789942503
5.360429492930845
5.557019324004451
5.698842696289115
5.7631978281018466
5.762853465884088
5.740604665580113
5.734541577812211
5.743698501670409
5.738239240182663
5.70868223410994
5.692423672760608
5.7358749651665715
5.833420930881211
5.923597630047041
5.957867685077859
5.963740637864784
6.023062588176552
6.185321162175933
6.412771232849679
6.614002070959307
6.719840178196005
6.719870490430308
6.642755047177486
6.5295680674838215
6.4291962077119305
6.38496544249574
6.388454949322596
6.35055258614606
6.16130181476662
5.8123392942408305
5.447814439281284
5.2533736952193575
5.273739016959087
5.357106564131286
5.304454888452966
5.07142540252773
4.801995786975105
4.661261507390412
4.663514844352666
4.688374896691245
4.647976417291493
4.5934895470079
4.638611963675835
4.810382977900531
5.020007071050839
5.182881198926735
5.324442190881202
5.532494376583302
5.819440454318393
6.07473336947268
6.172029469568889
6.1011680830927375
5.9698057389442996
5.885231191415214
5.863900778156397
5.858127857043804
5.832406854775179
5.7799201496973325
5.682790609283417
5.511154417054896
5.289161617675127
5.129362147438019
5.147591026271561
5.32879793335837
5.509854141225672
5.52704095852597
5.373594127494057
5.187021535011865
5.085641029108369
5.05453246720821
5.011477968414825
4.949630702121387
4.95730233981352
5.083901655635447
5.235393279888543
5.256223798844289
5.111298180899197
4.935815358267153
4.873798379028776
4.895409224618126
4.824183216547139
4.552793350810678
4.188357261316689
3.94551327024526
3.908840944015373
3.944256954236652
3.8590246245568
3.6152381250755417
3.3500248758537876
3.1983635961471295
3.1447503451136223
3.0733450335588692
2.9321954471495815
2.7978511581833985
2.7687211494856947
2.833484775981728
2.8819503368979222
2.8397130994812367
2.7582258327303726
2.7565520110582518
2.8923946493663553
3.111016111148083
3.31320171806101
3.4489315322051546
3.53951866741873
3.6323345121430535
3.7562119502427214
3.911029883203932
4.069970016367428
4.179476030572793
4.179313701149124
4.053193385716962
3.864351907476718
3.7206400386776677
3.687686518411085
3.7397045950763275
3.8036971156672843
3.843974585879591
3.8856348865750867
3.9536498477410973
4.011993696960691
3.987237236814762
3.853203367049583
3.675240198540192
3.5609555783800984
3.573212026674855
3.6951053466207235
3.8656367404689016
4.030596294163028
4.162858271779429
4.262353338566204
4.358099590540212
4.497501853607095
4.70162996164721
4.920063463079978
5.053294405562822
5.04661974623175
4.95814241900613
4.907538977567478
4.946862831755165
5.0021506465804855
4.963502957161757
4.819856221453211
4.66992851314646
4.590611052851964
4.530250659654868
4.373247115675397
4.104346784447828
3.8588312030231027
3.7740735181167295
3.812139577736925
3.779878588518777
3.542562242218928
3.184219932113068
2.919238826245702
2.854673060444911
2.8830107960721914
2.8272933976107364
2.65700819933601
2.515649484323224
2.538266030151383
2.6899614939125667
2.815526252423856
2.8212440963465446
2.7567932923755514
2.710776398361921
2.676724275694559
2.5728951717867647
2.3849063118084106
2.2315991555684804
2.2508971774095765
2.4362831205946156
2.624143238157206
2.651398389936487
2.5030292025742535
2.294800990043058
2.138978779303156
2.0592376955065337
2.0252640582876698
2.0189896919241748
2.0336875553888056
2.034007998414394
1.9722498519783573
1.8646554622028404
1.8182602043740688
1.9405552226693685
2.221250069553755
2.5337736682191143
2.7672395718260465
2.9337371196038213
3.1209000695415994
3.3540910228490164
3.548608912153485
3.6155486730213138
3.582004251704622
3.562009137938183
3.6072037637988577
3.6300237081208175
3.5100995239994273
3.2616861162978266
3.050153496126248
3.0201192291619687
3.1278408397323614
3.1743963136183266
3.007439998270808
2.670867991930023
2.3497063633564803
2.1878770737671585
2.176974338106191
2.2068583948495233
2.187961232797065
2.1112493799659027
2.0194757063825493
1.961119670944821
1.9770627561868324
2.096008260604139
2.3077974624436455
2.5436325128672137
