4.892649090661106
4.8623773555459255
4.855499231333605
4.858138464292393
4.824303785718721
4.723065392342795
4.582240065077699
4.479095271570591
4.478474120271013
4.576894029806915
4.712403927263967
4.832398534255686
4.944399791736082
5.089901423554021
5.2719485647794055
5.429447091708804
5.501146395898792
5.508086577522402
5.5448095673097075
5.67010197903253
5.8191229766469
5.854728553801856
5.719775004516375
5.519676049103289
5.425608724976428
5.492095362891126
5.594042810853878
5.563234054403002
5.374962513943507
5.170900055878632
5.090706434382508
5.109693876192434
5.074604074047674
4.893831811606351
4.651050461508756
4.500940565896956
4.470975320528247
4.415093499177089
4.189164190865762
3.8476325546586065
3.6207626940699975
3.6799479786803686
3.9485706279532797
4.172883700397914
4.177026134331418
4.022867320642193
3.9099768720978028
3.9446421051426643
4.040336069127582
4.043690161906675
3.919833475114501
3.7807070894502743
3.740368502045822
3.781959038974036
3.7903180162403816
3.697151414548093
3.5585154680824123
3.4796556783833634
3.489653086586029
3.5188823876593323
3.4966980841915105
3.4409040054423006
3.4299028611125086
3.498497580159787
3.5899917873679104
3.6232358029249547
3.591521960841274
3.574189261714145
3.6489297786825112
3.808641818322787
3.9751872086529487
4.086105992892626
4.1517646180097465
4.225786023130723
4.335654587623389
4.45718013559734
4.552501805231977
4.614416888023039
4.6622613172927325
4.702971301396734
4.713902845903319
4.670743055643874
4.5826009300678034
4.4866732612067315
4.40691259491553
4.327308554868284
4.2131958868724455
4.056170320884488
3.890904101415752
3.7662514574598935
3.7046069611237047
3.691661586492404
3.6993317143021613
3.709647015875875
3.7165927650972463
3.716965654811043
3.712283843872455
3.7195656306423284
3.7671205875759974
3.867196368791258
3.9929150147230486
4.092836740285198
4.136863397646722
4.146325293819314
4.172135963821998
4.241421301886524
4.330547624952745
4.393997046183828
4.41447106547579
4.415576581712205
4.424802031912432
4.436269734484405
4.423296550727958
4.3864080676223125
4.371922446132412
4.427127757004657
4.539457140515071
4.6388534728596795
4.675481480509675
4.6895129147728145
4.7824412628930695
5.003546361358124
5.270253143642337
5.421073685090443
5.362198995499019
5.159773005270861
4.97632174931277
4.911574890577711
4.912426181039187
4.8466009185524594
4.661046482019811
4.455548704452874
4.392670062210038
4.538633021601117
4.799842428794973
5.0151674236834065
5.10240739382881
5.111066632038896
5.1426580365830095
5.23728302031842
5.345124689184875
5.3963020705010205
5.378474929057239
5.339029257653593
5.324169904359401
5.334177499019967
5.342142216424814
5.342055676448366
5.361328979777447
5.423458599095169
5.510970855175401
5.578143404755567
5.601144028103452
5.60689353508507
5.646069752524088
5.739768837867452
5.857748318081606
5.948572072968826
5.9854662401736105
5.980764894889778
5.962781357777599
5.9485227752603524
5.939620934687729
5.933175749036197
5.923576102704654
5.893187008420477
5.814095624262624
5.6720486382857995
5.489504279667944
5.3154534609804225
5.184732121774042
5.089034282822057
4.993684547543803
4.8825847413051715
4.779573767479931
4.72173073447375
4.718042393535562
4.744082974144078
4.777133868752797
4.824094946640832
4.9042501846284665
5.010266242266608
5.104079547929322
5.1613233792048145
5.209446105306149
5.30219833017212
5.450139912397776
5.590936502615425
5.646462256987963
5.609601980027312
5.5581513739734385
5.571738801017949
5.6440593078561125
5.694319802530704
5.666014171834668
5.593978854490613
5.556611479930717
5.5717864083852815
5.56901035627051
5.478787362482514
5.330190448626816
5.228302980923605
5.22895602410135
5.263671426227777
5.217164443475376
5.0724499618842
4.943408261209916
4.941788115187208
5.032585469463062
5.062360957634455
4.944480211334619
4.7849937185896545
4.783154527053934
5.000620627986211
5.261570859587282
5.312493068991911
5.076978335958103
4.726438092605073
4.491027926412137
4.425185375297593
4.38502397066579
4.224897151296124
3.972637883243682
3.7830904601691735
3.739953110035381
3.7516566500134294
3.665053039829891
3.455569741120156
3.2629010346595577
3.2286795894047327
3.3281491549491804
3.3930341676545073
3.298089052533771
3.09753676204364
2.9621999272000203
2.997264255455521
3.145569319397506
3.2700484129307155
3.305822769056258
3.3114417808372676
3.3811413757719904
3.535800054323082
3.714241380393006
3.8555871271730466
3.963079629398468
4.078314046558877
4.208854133943895
4.302148320210538
4.296353150147092
4.18816703859725
4.042703413074516
3.937568981251512
3.900889568271638
3.901878122928581
3.894469949785145
3.864610497915434
3.8353482609286003
3.829827438093587
3.834178743136991
3.8024058643145384
3.703552999364284
3.565392919819401
3.465139775072787
3.467581469483645
3.569185013480655
3.707962418946532
3.831290863414837
3.9466876201291887
4.095636450983529
4.281154704243991
4.442113635186026
4.517250863435559
4.527637509430727
4.5678757828512655
4.696803989818769
4.849598409331787
4.889109354375988
4.758201355265069
4.562333320772128
4.472750542814151
4.544031712992673
4.65110760312505
4.625762449417609
4.44329028476696
4.245369899059672
4.1716616146522965
4.197459698130189
4.169474468979951
3.996070398679164
3.7608943623438558
3.6185900000156543
3.5965714671185696
3.5487076474646555
3.3308152906524477
2.9973214359745928
2.778492057509708
2.8457116294415057
3.1223293083795625
3.354560981347816
3.366537773523235
3.2201628717843738
3.115060485027748
3.1575620148184154
3.2611633489946925
3.2725135932811216
3.1567747564443605
3.0259365422469906
2.9941024514884345
3.044442565286887
3.0618133141571127
2.977943626813495
2.8489251012728265
2.780036362317459
2.8003677186215903
2.8402737815183587
2.829076339461907
2.784554865407935
2.785098643303601
2.8654894542898433
2.968982637638714
3.014355240559328
2.994825739419025
2.9896834784605124
3.076598299787476
3.248455578349728
3.427095270236812
3.550027643591629
3.6275992190472337
3.713436741750754
3.835046770136354
3.9682617420659376
4.07523385474837
4.148772357509474
4.20823904788023
4.260611013557986
4.283282936678397
4.251961025137433
4.175756640484128
4.091873014615871
4.0242875979613135
3.9570218747771513
3.8554212630710945
3.7110560585680745
3.5585527517393833
3.4467299886024674
3.397968757551503
3.3979478610606577
3.4185423598102993
3.441705976444105
3.461342146102205
3.474195342287605
3.4817688166178997
3.501078564215959
3.560416789976919
3.6719988067335354
3.808926485945295
